"species","x","y","x1","x2"
"species",1,1,1.72982931137085,-4.97050666809082
"species",2,2,0.207767859101295,-5.34840774536133
"species",3,3,-0.0945645049214363,-4.66934967041016
"species",4,4,1.54152190685272,5.6968240737915
"species",5,5,-3.32995462417603,-3.33601760864258
"species",6,6,2.00572109222412,4.74374341964722
"species",7,7,1.63224411010742,4.38878059387207
"species",8,8,3.79325938224792,4.63354682922363
"species",9,9,3.00753283500671,3.2823338508606
"species",10,10,1.04563963413239,-3.9143214225769
