"species","x","y","x1","x2"
"species",1,1,1.72982931137085,-4.97050666809082
"species",2,2,-3.73898863792419,-3.87377548217773
"species",3,3,0.207767859101295,-5.34840774536133
"species",4,4,-0.0945645049214363,-4.66934967041016
"species",5,5,-3.32995462417603,-3.33601760864258
"species",6,6,1.62749433517456,4.1118745803833
"species",7,7,2.00572109222412,4.74374341964722
"species",8,8,3.79325938224792,4.63354682922363
"species",9,9,6.49121999740601,3.2931182384491
"species",10,10,3.00753283500671,3.2823338508606
"species",11,11,1.04563963413239,-3.9143214225769
"species",12,12,4.36931180953979,2.25554394721985
"species",13,13,2.92675185203552,-3.65749216079712
