"species","x","y","x1","x2"
"background",1,1,-7.0003080368042,0.606109082698822
"background",2,2,-1.68729710578918,0.551118850708008
"background",3,3,-6.07458019256592,0.591792821884155
"background",4,4,-8.7665843963623,-2.7730565071106
"background",5,5,-5.64084672927856,1.62190651893616
"background",6,6,-6.06444883346558,-7.46630001068115
"background",7,7,-6.40241050720215,0.361694782972336
"background",8,8,1.09502458572388,-0.805979669094086
"background",9,9,-7.63014650344849,-6.26668691635132
"background",10,10,-5.81324052810669,-5.77392292022705
"background",11,11,-3.53017592430115,0.528425455093384
"background",12,12,-7.42875289916992,-6.1717848777771
"background",13,13,1.8326530456543,-0.507804811000824
"background",14,14,4.84536361694336,0.00257492251694202
"background",15,15,5.64084529876709,-3.12262344360352
"background",16,16,-2.66435432434082,1.05388915538788
"background",17,17,-5.20580530166626,-7.09210729598999
"background",18,18,-0.21602375805378,-0.0106458365917206
"background",19,19,-7.76297521591187,-1.230313539505
"background",20,20,-8.13906002044678,-2.97388482093811
"background",21,21,-5.22201156616211,-4.63005352020264
"background",22,22,1.72989797592163,-1.29648840427399
"background",23,23,-6.05454683303833,-8.43614673614502
"background",24,24,0.276595532894135,-0.708395600318909
"background",25,25,-8.56054592132568,-5.88124513626099
"background",26,26,0.69487190246582,1.10881721973419
"background",27,27,-4.77663278579712,-8.25764846801758
"background",28,28,-7.01673173904419,-5.98526763916016
"background",29,29,-4.82492685317993,-9.03091144561768
"background",30,30,-9.35855865478516,-3.04310011863708
"background",31,31,-5.420654296875,0.896910548210144
"background",32,32,0.810456573963165,-0.438915640115738
"background",33,33,-7.98794460296631,-1.6600284576416
"background",34,34,-8.21298027038574,-2.12564730644226
"background",35,35,-8.27792358398438,-3.57445931434631
"background",36,36,0.113257482647896,0.445330858230591
"background",37,37,-0.530673980712891,1.008664727211
"background",38,38,-7.04480409622192,-8.39658832550049
"background",39,39,1.55882918834686,-1.51089811325073
"background",40,40,-6.54104852676392,-5.45869922637939
"background",41,41,-2.5556800365448,-4.77590990066528
"background",42,42,-8.51766681671143,-1.56219637393951
"background",43,43,-1.20755958557129,0.163756296038628
"background",44,44,-8.71317672729492,1.0167487859726
"background",45,45,-9.89752674102783,-2.09073424339294
"background",46,46,-4.99844312667847,0.172784268856049
"background",47,47,-4.39275741577148,1.65663778781891
"background",48,48,-8.63335990905762,-2.98392367362976
"background",49,49,-8.20524120330811,-2.96638560295105
"background",50,50,-5.55288982391357,-6.71858406066895
