"species","x","y","x1","x2"
"species",1,1,-3.73898863792419,-3.87377548217773
"species",2,2,0.207767859101295,-5.34840774536133
"species",3,3,-0.0750579386949539,5.74381589889526
"species",4,4,0.81677520275116,-2.77057433128357
"species",5,5,-0.0945645049214363,-4.66934967041016
"species",6,6,1.54152190685272,5.6968240737915
"species",7,7,1.62749433517456,4.1118745803833
"species",8,8,2.45528078079224,5.18778610229492
"species",9,9,1.63224411010742,4.38878059387207
"species",10,10,3.79325938224792,4.63354682922363
"species",11,11,3.71192145347595,-5.44456768035889
"species",12,12,-2.3002622127533,-3.36017489433289
"species",13,13,3.00753283500671,3.2823338508606
