"species","x","y","x1","x2"
"background",1,1,-9.30947017669678,-1.74007248878479
"background",2,2,-0.226765707135201,-5.79757738113403
"background",3,3,-3.68984293937683,1.88617920875549
"background",4,4,-5.07552146911621,-0.410674273967743
"background",5,5,0.533042013645172,-1.18672335147858
"background",6,6,-3.53017592430115,0.528425455093384
"background",7,7,-4.62256002426147,-7.03540897369385
"background",8,8,-6.79730224609375,-7.27732706069946
"background",9,9,-2.0831732749939,1.72486448287964
"background",10,10,2.62005996704102,3.28758764266968
"background",11,11,-2.44291186332703,1.29183757305145
"background",12,12,1.94336521625519,-1.74491775035858
"background",13,13,3.57516312599182,-2.68411898612976
"background",14,14,-9.2263765335083,-3.92950940132141
"background",15,15,-2.49825048446655,-1.47870016098022
"background",16,16,-7.83627510070801,-4.35190153121948
"background",17,17,-4.17761087417603,-7.27989292144775
"background",18,18,-0.78494781255722,-0.837515354156494
"background",19,19,-7.75741481781006,-3.44315123558044
"background",20,20,-0.903515934944153,1.35292482376099
"background",21,21,-6.04161739349365,-6.45359230041504
"background",22,22,-3.93238806724548,0.161593168973923
"background",23,23,-8.34643745422363,-7.35980606079102
"background",24,24,-5.68826723098755,2.42802619934082
"background",25,25,-7.27410984039307,-3.96085500717163
"background",26,26,-4.76995038986206,1.95494282245636
"background",27,27,-4.93049383163452,2.22140741348267
"background",28,28,-2.80433416366577,-0.627688646316528
"background",29,29,-4.32722139358521,-8.09792041778564
"background",30,30,-2.65728497505188,0.290261417627335
"background",31,31,-0.801784694194794,-0.711323618888855
"background",32,32,-6.23516082763672,-1.55794715881348
"background",33,33,-7.38688945770264,-7.25645637512207
"background",34,34,3.05469870567322,-5.56850433349609
"background",35,35,-7.73165321350098,-5.66861200332642
"background",36,36,-7.28719425201416,0.123321227729321
"background",37,37,-2.59033989906311,-0.214141428470612
"background",38,38,-6.55415868759155,-6.28077697753906
"background",39,39,-7.55059146881104,-1.10283553600311
"background",40,40,-9.5241174697876,-5.17370748519897
"background",41,41,-5.91467761993408,1.87081360816956
"background",42,42,-6.29363012313843,-0.429005026817322
"background",43,43,-2.71907782554626,0.722521364688873
"background",44,44,-9.83271598815918,-1.19342303276062
"background",45,45,-2.15789937973022,-3.93150568008423
"background",46,46,4.73140001296997,-2.6338963508606
"background",47,47,-4.75015020370483,-8.53293228149414
"background",48,48,-1.51102387905121,3.19203209877014
"background",49,49,-2.97167658805847,2.99880576133728
"background",50,50,-7.48972606658936,-0.0163303464651108
