"species","x","y","x1","x2"
"background",1,1,-4.05373001098633,2.18864440917969
"background",2,2,-4.42168283462524,1.96799147129059
"background",3,3,-8.7019100189209,-3.13036870956421
"background",4,4,-0.226765707135201,-5.79757738113403
"background",5,5,-4.08915376663208,0.443528324365616
"background",6,6,-3.68984293937683,1.88617920875549
"background",7,7,-5.55754899978638,-7.07304000854492
"background",8,8,0.533042013645172,-1.18672335147858
"background",9,9,-3.53017592430115,0.528425455093384
"background",10,10,-5.60221195220947,1.20033884048462
"background",11,11,-4.62256002426147,-7.03540897369385
"background",12,12,-2.0831732749939,1.72486448287964
"background",13,13,4.46343374252319,1.68006777763367
"background",14,14,-2.44291186332703,1.29183757305145
"background",15,15,1.94336521625519,-1.74491775035858
"background",16,16,-6.66994714736938,-3.06292390823364
"background",17,17,-1.49690103530884,1.29883527755737
"background",18,18,-5.52721118927002,-6.64241456985474
"background",19,19,3.57516312599182,-2.68411898612976
"background",20,20,-2.49825048446655,-1.47870016098022
"background",21,21,-8.85368347167969,-2.02157711982727
"background",22,22,-7.83627510070801,-4.35190153121948
"background",23,23,-5.0743203163147,2.52371788024902
"background",24,24,-8.28589057922363,-7.17487907409668
"background",25,25,-7.4406418800354,-6.97103404998779
"background",26,26,-10.3034105300903,-4.16136741638184
"background",27,27,-0.78494781255722,-0.837515354156494
"background",28,28,-7.35569667816162,-0.347060054540634
"background",29,29,-5.81889867782593,-7.32108497619629
"background",30,30,-7.09820890426636,0.0528289750218391
"background",31,31,-7.75741481781006,-3.44315123558044
"background",32,32,-8.34643745422363,-7.35980606079102
"background",33,33,-5.68826723098755,2.42802619934082
"background",34,34,-4.76995038986206,1.95494282245636
"background",35,35,-4.93049383163452,2.22140741348267
"background",36,36,-2.80433416366577,-0.627688646316528
"background",37,37,-4.32722139358521,-8.09792041778564
"background",38,38,-8.63266658782959,-8.30180644989014
"background",39,39,-8.41871356964111,0.00321971112862229
"background",40,40,-0.911963820457458,-0.499041736125946
"background",41,41,-2.2308554649353,0.366341710090637
"background",42,42,-6.23516082763672,-1.55794715881348
"background",43,43,0.88112860918045,-1.27631568908691
"background",44,44,-7.28719425201416,0.123321227729321
"background",45,45,-8.32315063476562,-3.52951169013977
"background",46,46,-9.5241174697876,-5.17370748519897
"background",47,47,-5.91467761993408,1.87081360816956
"background",48,48,-6.29363012313843,-0.429005026817322
"background",49,49,-5.28825712203979,-7.78328561782837
"background",50,50,-6.64720439910889,0.743927240371704
