"species","x","y","x1","x2"
"species",1,1,1.72982931137085,-4.97050666809082
"species",2,2,-3.73898863792419,-3.87377548217773
"species",3,3,0.207767859101295,-5.34840774536133
"species",4,4,-0.0750579386949539,5.74381589889526
"species",5,5,-0.0945645049214363,-4.66934967041016
"species",6,6,-3.32995462417603,-3.33601760864258
"species",7,7,2.45528078079224,5.18778610229492
"species",8,8,1.63224411010742,4.38878059387207
"species",9,9,3.00753283500671,3.2823338508606
"species",10,10,2.92675185203552,-3.65749216079712
