"species","x","y","x1","x2"
"background",1,1,-3.90182399749756,2.21137261390686
"background",2,2,-4.42168283462524,1.96799147129059
"background",3,3,-8.7019100189209,-3.13036870956421
"background",4,4,-4.08915376663208,0.443528324365616
"background",5,5,-5.07552146911621,-0.410674273967743
"background",6,6,-5.55754899978638,-7.07304000854492
"background",7,7,0.533042013645172,-1.18672335147858
"background",8,8,-3.53017592430115,0.528425455093384
"background",9,9,-5.60221195220947,1.20033884048462
"background",10,10,-4.62256002426147,-7.03540897369385
"background",11,11,-6.79730224609375,-7.27732706069946
"background",12,12,-2.0831732749939,1.72486448287964
"background",13,13,2.62005996704102,3.28758764266968
"background",14,14,4.46343374252319,1.68006777763367
"background",15,15,-2.44291186332703,1.29183757305145
"background",16,16,1.94336521625519,-1.74491775035858
"background",17,17,-6.66994714736938,-3.06292390823364
"background",18,18,-9.2263765335083,-3.92950940132141
"background",19,19,-8.85368347167969,-2.02157711982727
"background",20,20,-8.51642513275146,-6.86967372894287
"background",21,21,-7.83627510070801,-4.35190153121948
"background",22,22,-8.29078674316406,-5.32894468307495
"background",23,23,0.701847970485687,-4.97339487075806
"background",24,24,-5.0743203163147,2.52371788024902
"background",25,25,-8.28589057922363,-7.17487907409668
"background",26,26,-7.4406418800354,-6.97103404998779
"background",27,27,-1.13124966621399,-0.0873990505933762
"background",28,28,-0.78494781255722,-0.837515354156494
"background",29,29,-7.35569667816162,-0.347060054540634
"background",30,30,-5.81889867782593,-7.32108497619629
"background",31,31,-7.75741481781006,-3.44315123558044
"background",32,32,-0.903515934944153,1.35292482376099
"background",33,33,-6.04161739349365,-6.45359230041504
"background",34,34,-7.40342950820923,-4.20380353927612
"background",35,35,-7.27410984039307,-3.96085500717163
"background",36,36,-5.420654296875,0.896910548210144
"background",37,37,-4.93049383163452,2.22140741348267
"background",38,38,-2.80433416366577,-0.627688646316528
"background",39,39,-4.32722139358521,-8.09792041778564
"background",40,40,-8.63266658782959,-8.30180644989014
"background",41,41,4.896803855896,0.700574636459351
"background",42,42,-0.911963820457458,-0.499041736125946
"background",43,43,5.81781578063965,1.70890140533447
"background",44,44,-2.2308554649353,0.366341710090637
"background",45,45,-6.23516082763672,-1.55794715881348
"background",46,46,0.265571385622025,0.368677496910095
"background",47,47,-9.02933788299561,-2.4443154335022
"background",48,48,-7.38688945770264,-7.25645637512207
"background",49,49,0.88112860918045,-1.27631568908691
"background",50,50,3.05469870567322,-5.56850433349609
"background",51,51,-7.73165321350098,-5.66861200332642
"background",52,52,-7.28719425201416,0.123321227729321
"background",53,53,-2.59033989906311,-0.214141428470612
"background",54,54,-7.98427963256836,-7.62364387512207
"background",55,55,-8.86579990386963,-6.22643947601318
"background",56,56,-6.49013185501099,-6.67313718795776
"background",57,57,-8.32315063476562,-3.52951169013977
"background",58,58,-7.55059146881104,-1.10283553600311
"background",59,59,-9.5241174697876,-5.17370748519897
"background",60,60,-6.29363012313843,-0.429005026817322
"background",61,61,-5.28825712203979,-7.78328561782837
"background",62,62,-2.71907782554626,0.722521364688873
"background",63,63,-9.83271598815918,-1.19342303276062
"background",64,64,-2.15789937973022,-3.93150568008423
"background",65,65,0.844482839107513,-0.556930363178253
"background",66,66,-4.75015020370483,-8.53293228149414
