"species","x","y","x1","x2"
"background",1,1,-4.05373001098633,2.18864440917969
"background",2,2,-9.30947017669678,-1.74007248878479
"background",3,3,-3.90182399749756,2.21137261390686
"background",4,4,-4.42168283462524,1.96799147129059
"background",5,5,-8.17823886871338,-0.0131461070850492
"background",6,6,-8.7019100189209,-3.13036870956421
"background",7,7,-0.226765707135201,-5.79757738113403
"background",8,8,-4.08915376663208,0.443528324365616
"background",9,9,-3.68984293937683,1.88617920875549
"background",10,10,-5.07552146911621,-0.410674273967743
"background",11,11,-5.55754899978638,-7.07304000854492
"background",12,12,0.533042013645172,-1.18672335147858
"background",13,13,-3.53017592430115,0.528425455093384
"background",14,14,-5.60221195220947,1.20033884048462
"background",15,15,-4.62256002426147,-7.03540897369385
"background",16,16,-6.79730224609375,-7.27732706069946
"background",17,17,-2.0831732749939,1.72486448287964
"background",18,18,2.62005996704102,3.28758764266968
"background",19,19,-2.44291186332703,1.29183757305145
"background",20,20,1.94336521625519,-1.74491775035858
"background",21,21,-6.66994714736938,-3.06292390823364
"background",22,22,-1.49690103530884,1.29883527755737
"background",23,23,-5.52721118927002,-6.64241456985474
"background",24,24,3.57516312599182,-2.68411898612976
"background",25,25,-9.2263765335083,-3.92950940132141
"background",26,26,-2.49825048446655,-1.47870016098022
"background",27,27,-8.85368347167969,-2.02157711982727
"background",28,28,-8.51642513275146,-6.86967372894287
"background",29,29,-7.83627510070801,-4.35190153121948
"background",30,30,-4.17761087417603,-7.27989292144775
"background",31,31,-8.29078674316406,-5.32894468307495
"background",32,32,0.701847970485687,-4.97339487075806
"background",33,33,-5.0743203163147,2.52371788024902
"background",34,34,-5.14430570602417,0.463397026062012
"background",35,35,-8.28589057922363,-7.17487907409668
"background",36,36,-7.4406418800354,-6.97103404998779
"background",37,37,-1.13124966621399,-0.0873990505933762
"background",38,38,-10.3034105300903,-4.16136741638184
"background",39,39,-0.78494781255722,-0.837515354156494
"background",40,40,-7.35569667816162,-0.347060054540634
"background",41,41,-5.81889867782593,-7.32108497619629
"background",42,42,-7.09820890426636,0.0528289750218391
"background",43,43,-7.75741481781006,-3.44315123558044
"background",44,44,-0.903515934944153,1.35292482376099
"background",45,45,-6.04161739349365,-6.45359230041504
"background",46,46,-3.93238806724548,0.161593168973923
"background",47,47,-5.68826723098755,2.42802619934082
"background",48,48,-7.40342950820923,-4.20380353927612
"background",49,49,-7.27410984039307,-3.96085500717163
"background",50,50,-5.420654296875,0.896910548210144
"background",51,51,-4.76995038986206,1.95494282245636
"background",52,52,-4.93049383163452,2.22140741348267
"background",53,53,-2.80433416366577,-0.627688646316528
"background",54,54,-4.32722139358521,-8.09792041778564
"background",55,55,-2.65728497505188,0.290261417627335
"background",56,56,-8.63266658782959,-8.30180644989014
"background",57,57,-0.801784694194794,-0.711323618888855
"background",58,58,4.896803855896,0.700574636459351
"background",59,59,-8.41871356964111,0.00321971112862229
"background",60,60,-0.911963820457458,-0.499041736125946
"background",61,61,-2.2308554649353,0.366341710090637
"background",62,62,-6.23516082763672,-1.55794715881348
"background",63,63,0.265571385622025,0.368677496910095
"background",64,64,-9.02933788299561,-2.4443154335022
"background",65,65,3.05469870567322,-5.56850433349609
"background",66,66,-1.35376489162445,0.0763709768652916
"background",67,67,-7.73165321350098,-5.66861200332642
"background",68,68,-7.28719425201416,0.123321227729321
"background",69,69,-2.59033989906311,-0.214141428470612
"background",70,70,-8.86579990386963,-6.22643947601318
"background",71,71,-6.49013185501099,-6.67313718795776
"background",72,72,-6.55415868759155,-6.28077697753906
"background",73,73,-7.55059146881104,-1.10283553600311
"background",74,74,-9.5241174697876,-5.17370748519897
"background",75,75,-5.91467761993408,1.87081360816956
"background",76,76,-6.29363012313843,-0.429005026817322
"background",77,77,-5.28825712203979,-7.78328561782837
"background",78,78,-6.29166507720947,-2.67614769935608
"background",79,79,-2.71907782554626,0.722521364688873
"background",80,80,-6.64720439910889,0.743927240371704
"background",81,81,-9.83271598815918,-1.19342303276062
"background",82,82,-2.15789937973022,-3.93150568008423
"background",83,83,0.844482839107513,-0.556930363178253
"background",84,84,4.73140001296997,-2.6338963508606
"background",85,85,-7.56475687026978,-1.03431880474091
"background",86,86,-5.57661008834839,0.478267997503281
"background",87,87,-4.75015020370483,-8.53293228149414
"background",88,88,-1.51102387905121,3.19203209877014
"background",89,89,-7.48972606658936,-0.0163303464651108
"background",90,90,-2.59979510307312,-1.53044068813324
