"species","x","y","x1","x2"
"background",1,1,-4.42168283462524,1.96799147129059
"background",2,2,-8.17823886871338,-0.0131461070850492
"background",3,3,-0.226765707135201,-5.79757738113403
"background",4,4,-3.68984293937683,1.88617920875549
"background",5,5,-5.07552146911621,-0.410674273967743
"background",6,6,-5.55754899978638,-7.07304000854492
"background",7,7,-5.60221195220947,1.20033884048462
"background",8,8,-6.79730224609375,-7.27732706069946
"background",9,9,-2.0831732749939,1.72486448287964
"background",10,10,4.46343374252319,1.68006777763367
"background",11,11,1.94336521625519,-1.74491775035858
"background",12,12,-6.66994714736938,-3.06292390823364
"background",13,13,3.57516312599182,-2.68411898612976
"background",14,14,-9.2263765335083,-3.92950940132141
"background",15,15,-2.49825048446655,-1.47870016098022
"background",16,16,-4.17761087417603,-7.27989292144775
"background",17,17,-8.29078674316406,-5.32894468307495
"background",18,18,-1.13124966621399,-0.0873990505933762
"background",19,19,-7.35569667816162,-0.347060054540634
"background",20,20,-7.75741481781006,-3.44315123558044
"background",21,21,-0.903515934944153,1.35292482376099
"background",22,22,-6.04161739349365,-6.45359230041504
"background",23,23,-5.68826723098755,2.42802619934082
"background",24,24,-7.40342950820923,-4.20380353927612
"background",25,25,-7.27410984039307,-3.96085500717163
"background",26,26,-2.80433416366577,-0.627688646316528
"background",27,27,-8.63266658782959,-8.30180644989014
"background",28,28,-0.801784694194794,-0.711323618888855
"background",29,29,-0.911963820457458,-0.499041736125946
"background",30,30,-2.2308554649353,0.366341710090637
"background",31,31,0.265571385622025,0.368677496910095
"background",32,32,-9.02933788299561,-2.4443154335022
"background",33,33,-7.38688945770264,-7.25645637512207
"background",34,34,0.88112860918045,-1.27631568908691
"background",35,35,-1.35376489162445,0.0763709768652916
"background",36,36,-2.59033989906311,-0.214141428470612
"background",37,37,-7.98427963256836,-7.62364387512207
"background",38,38,-8.86579990386963,-6.22643947601318
"background",39,39,-6.49013185501099,-6.67313718795776
"background",40,40,-7.55059146881104,-1.10283553600311
"background",41,41,-9.5241174697876,-5.17370748519897
"background",42,42,-5.28825712203979,-7.78328561782837
"background",43,43,-2.71907782554626,0.722521364688873
"background",44,44,-6.64720439910889,0.743927240371704
"background",45,45,-2.15789937973022,-3.93150568008423
"background",46,46,0.844482839107513,-0.556930363178253
"background",47,47,4.73140001296997,-2.6338963508606
"background",48,48,-5.57661008834839,0.478267997503281
"background",49,49,-7.48972606658936,-0.0163303464651108
"background",50,50,-2.59979510307312,-1.53044068813324
