"species","x","y","x1","x2"
"species",1,1,1.72982931137085,-4.97050666809082
"species",2,2,-3.73898863792419,-3.87377548217773
"species",3,3,0.207767859101295,-5.34840774536133
"species",4,4,1.54152190685272,5.6968240737915
"species",5,5,-3.32995462417603,-3.33601760864258
"species",6,6,2.00572109222412,4.74374341964722
"species",7,7,3.79325938224792,4.63354682922363
"species",8,8,3.71192145347595,-5.44456768035889
"species",9,9,-2.3002622127533,-3.36017489433289
"species",10,10,2.92675185203552,-3.65749216079712
