"species","x","y","x1","x2"
"background",1,1,-4.05373001098633,2.18864440917969
"background",2,2,3.02537083625793,-5.26198482513428
"background",3,3,-9.30947017669678,-1.74007248878479
"background",4,4,-7.85281896591187,-2.07094287872314
"background",5,5,-3.90182399749756,2.21137261390686
"background",6,6,-8.7019100189209,-3.13036870956421
"background",7,7,-4.08915376663208,0.443528324365616
"background",8,8,0.533042013645172,-1.18672335147858
"background",9,9,-3.53017592430115,0.528425455093384
"background",10,10,-4.62256002426147,-7.03540897369385
"background",11,11,2.62005996704102,3.28758764266968
"background",12,12,-2.44291186332703,1.29183757305145
"background",13,13,-1.49690103530884,1.29883527755737
"background",14,14,-5.52721118927002,-6.64241456985474
"background",15,15,-8.85368347167969,-2.02157711982727
"background",16,16,-8.51642513275146,-6.86967372894287
"background",17,17,-7.83627510070801,-4.35190153121948
"background",18,18,0.701847970485687,-4.97339487075806
"background",19,19,-5.0743203163147,2.52371788024902
"background",20,20,-5.14430570602417,0.463397026062012
"background",21,21,-8.28589057922363,-7.17487907409668
"background",22,22,-7.4406418800354,-6.97103404998779
"background",23,23,-10.3034105300903,-4.16136741638184
"background",24,24,-0.78494781255722,-0.837515354156494
"background",25,25,-5.81889867782593,-7.32108497619629
"background",26,26,-7.09820890426636,0.0528289750218391
"background",27,27,-3.93238806724548,0.161593168973923
"background",28,28,-8.34643745422363,-7.35980606079102
"background",29,29,-5.420654296875,0.896910548210144
"background",30,30,-4.76995038986206,1.95494282245636
"background",31,31,-4.93049383163452,2.22140741348267
"background",32,32,-4.32722139358521,-8.09792041778564
"background",33,33,-2.65728497505188,0.290261417627335
"background",34,34,4.896803855896,0.700574636459351
"background",35,35,-8.41871356964111,0.00321971112862229
"background",36,36,5.81781578063965,1.70890140533447
"background",37,37,-6.23516082763672,-1.55794715881348
"background",38,38,3.05469870567322,-5.56850433349609
"background",39,39,-7.73165321350098,-5.66861200332642
"background",40,40,-7.28719425201416,0.123321227729321
"background",41,41,-8.32315063476562,-3.52951169013977
"background",42,42,-6.55415868759155,-6.28077697753906
"background",43,43,-5.91467761993408,1.87081360816956
"background",44,44,-6.29363012313843,-0.429005026817322
"background",45,45,-6.29166507720947,-2.67614769935608
"background",46,46,-9.83271598815918,-1.19342303276062
"background",47,47,-7.56475687026978,-1.03431880474091
"background",48,48,-4.75015020370483,-8.53293228149414
"background",49,49,-1.51102387905121,3.19203209877014
"background",50,50,-2.97167658805847,2.99880576133728
