"species","x","y","x1","x2"
"background",1,1,-4.05373001098633,2.18864440917969
"background",2,2,-9.30947017669678,-1.74007248878479
"background",3,3,-3.90182399749756,2.21137261390686
"background",4,4,-4.42168283462524,1.96799147129059
"background",5,5,-8.7019100189209,-3.13036870956421
"background",6,6,-4.08915376663208,0.443528324365616
"background",7,7,-3.68984293937683,1.88617920875549
"background",8,8,-5.60221195220947,1.20033884048462
"background",9,9,-2.0831732749939,1.72486448287964
"background",10,10,2.62005996704102,3.28758764266968
"background",11,11,1.94336521625519,-1.74491775035858
"background",12,12,-6.66994714736938,-3.06292390823364
"background",13,13,-1.49690103530884,1.29883527755737
"background",14,14,-2.49825048446655,-1.47870016098022
"background",15,15,-8.85368347167969,-2.02157711982727
"background",16,16,-7.83627510070801,-4.35190153121948
"background",17,17,-8.29078674316406,-5.32894468307495
"background",18,18,0.701847970485687,-4.97339487075806
"background",19,19,-5.0743203163147,2.52371788024902
"background",20,20,-8.28589057922363,-7.17487907409668
"background",21,21,-1.13124966621399,-0.0873990505933762
"background",22,22,-10.3034105300903,-4.16136741638184
"background",23,23,-0.78494781255722,-0.837515354156494
"background",24,24,-7.35569667816162,-0.347060054540634
"background",25,25,-5.81889867782593,-7.32108497619629
"background",26,26,-7.09820890426636,0.0528289750218391
"background",27,27,-0.903515934944153,1.35292482376099
"background",28,28,-6.04161739349365,-6.45359230041504
"background",29,29,-3.93238806724548,0.161593168973923
"background",30,30,-8.34643745422363,-7.35980606079102
"background",31,31,-5.68826723098755,2.42802619934082
"background",32,32,-7.40342950820923,-4.20380353927612
"background",33,33,-7.27410984039307,-3.96085500717163
"background",34,34,-5.420654296875,0.896910548210144
"background",35,35,-4.76995038986206,1.95494282245636
"background",36,36,-4.32722139358521,-8.09792041778564
"background",37,37,-2.65728497505188,0.290261417627335
"background",38,38,-8.63266658782959,-8.30180644989014
"background",39,39,-0.801784694194794,-0.711323618888855
"background",40,40,4.896803855896,0.700574636459351
"background",41,41,-8.41871356964111,0.00321971112862229
"background",42,42,-2.2308554649353,0.366341710090637
"background",43,43,-6.23516082763672,-1.55794715881348
"background",44,44,0.265571385622025,0.368677496910095
"background",45,45,-7.38688945770264,-7.25645637512207
"background",46,46,0.88112860918045,-1.27631568908691
"background",47,47,3.05469870567322,-5.56850433349609
"background",48,48,-1.35376489162445,0.0763709768652916
"background",49,49,-7.73165321350098,-5.66861200332642
"background",50,50,-7.28719425201416,0.123321227729321
"background",51,51,-2.59033989906311,-0.214141428470612
"background",52,52,-7.98427963256836,-7.62364387512207
"background",53,53,-6.49013185501099,-6.67313718795776
"background",54,54,-8.32315063476562,-3.52951169013977
"background",55,55,-6.55415868759155,-6.28077697753906
"background",56,56,-7.55059146881104,-1.10283553600311
"background",57,57,-5.28825712203979,-7.78328561782837
"background",58,58,-6.29166507720947,-2.67614769935608
"background",59,59,-6.64720439910889,0.743927240371704
"background",60,60,-9.83271598815918,-1.19342303276062
"background",61,61,-2.15789937973022,-3.93150568008423
"background",62,62,0.844482839107513,-0.556930363178253
"background",63,63,4.73140001296997,-2.6338963508606
"background",64,64,-7.56475687026978,-1.03431880474091
"background",65,65,-5.57661008834839,0.478267997503281
"background",66,66,-1.51102387905121,3.19203209877014
"background",67,67,-2.59979510307312,-1.53044068813324
