"species","x","y","x1","x2"
"species",1,1,-3.73898863792419,-3.87377548217773
"species",2,2,0.207767859101295,-5.34840774536133
"species",3,3,0.81677520275116,-2.77057433128357
"species",4,4,-0.0945645049214363,-4.66934967041016
"species",5,5,1.54152190685272,5.6968240737915
"species",6,6,-3.32995462417603,-3.33601760864258
"species",7,7,1.62749433517456,4.1118745803833
"species",8,8,2.00572109222412,4.74374341964722
"species",9,9,3.71192145347595,-5.44456768035889
"species",10,10,-2.3002622127533,-3.36017489433289
"species",11,11,6.49121999740601,3.2931182384491
"species",12,12,1.04563963413239,-3.9143214225769
"species",13,13,4.36931180953979,2.25554394721985
"species",14,14,2.92675185203552,-3.65749216079712
