"species","x","y","x1","x2"
"species",1,1,1.72982931137085,-4.97050666809082
"species",2,2,-0.0750579386949539,5.74381589889526
"species",3,3,-3.32995462417603,-3.33601760864258
"species",4,4,2.45528078079224,5.18778610229492
"species",5,5,2.00572109222412,4.74374341964722
"species",6,6,1.63224411010742,4.38878059387207
"species",7,7,3.79325938224792,4.63354682922363
"species",8,8,3.71192145347595,-5.44456768035889
"species",9,9,-2.3002622127533,-3.36017489433289
"species",10,10,6.49121999740601,3.2931182384491
"species",11,11,3.00753283500671,3.2823338508606
"species",12,12,1.04563963413239,-3.9143214225769
"species",13,13,4.36931180953979,2.25554394721985
