"species","x","y","x1","x2"
"background",1,1,-3.1104257106781,0.388117045164108
"background",2,2,-7.0003080368042,0.606109082698822
"background",3,3,-1.68729710578918,0.551118850708008
"background",4,4,-6.07458019256592,0.591792821884155
"background",5,5,-2.3856680393219,1.59360682964325
"background",6,6,-6.40241050720215,0.361694782972336
"background",7,7,3.72432708740234,2.855220079422
"background",8,8,-7.63014650344849,-6.26668691635132
"background",9,9,-4.16419410705566,0.777760446071625
"background",10,10,-3.53017592430115,0.528425455093384
"background",11,11,-8.35795879364014,-4.34183979034424
"background",12,12,-7.42875289916992,-6.1717848777771
"background",13,13,1.8326530456543,-0.507804811000824
"background",14,14,4.84536361694336,0.00257492251694202
"background",15,15,-3.59088635444641,0.891221940517426
"background",16,16,-1.09855043888092,1.68152356147766
"background",17,17,1.14454138278961,-1.09783339500427
"background",18,18,-2.66435432434082,1.05388915538788
"background",19,19,-3.44643354415894,1.97270774841309
"background",20,20,-6.06275129318237,-0.503667414188385
"background",21,21,-5.20580530166626,-7.09210729598999
"background",22,22,-7.76297521591187,-1.230313539505
"background",23,23,-8.13906002044678,-2.97388482093811
"background",24,24,-5.22201156616211,-4.63005352020264
"background",25,25,-6.05454683303833,-8.43614673614502
"background",26,26,-6.57577323913574,-3.21455812454224
"background",27,27,-2.01358294487,0.590106904506683
"background",28,28,-2.15291690826416,1.79823732376099
"background",29,29,-9.55528545379639,-7.04227542877197
"background",30,30,-1.22213959693909,-0.198697209358215
"background",31,31,0.69487190246582,1.10881721973419
"background",32,32,-4.77663278579712,-8.25764846801758
"background",33,33,-4.82492685317993,-9.03091144561768
"background",34,34,-5.420654296875,0.896910548210144
"background",35,35,0.810456573963165,-0.438915640115738
"background",36,36,-8.21298027038574,-2.12564730644226
"background",37,37,-8.27792358398438,-3.57445931434631
"background",38,38,-2.86371874809265,1.43794846534729
"background",39,39,-5.49814081192017,-1.13462233543396
"background",40,40,0.113257482647896,0.445330858230591
"background",41,41,-0.530673980712891,1.008664727211
"background",42,42,-6.54104852676392,-5.45869922637939
"background",43,43,-8.62508201599121,-5.27166223526001
"background",44,44,-1.20755958557129,0.163756296038628
"background",45,45,-7.45054054260254,-8.09494781494141
"background",46,46,-8.71317672729492,1.0167487859726
"background",47,47,-9.23894214630127,-4.9925742149353
"background",48,48,-4.39275741577148,1.65663778781891
"background",49,49,-8.6538257598877,-6.8800253868103
"background",50,50,-8.20524120330811,-2.96638560295105
