"species","x","y","x1","x2"
"species",1,1,-3.73898863792419,-3.87377548217773
"species",2,2,-0.0750579386949539,5.74381589889526
"species",3,3,0.81677520275116,-2.77057433128357
"species",4,4,1.62749433517456,4.1118745803833
"species",5,5,2.45528078079224,5.18778610229492
"species",6,6,3.71192145347595,-5.44456768035889
"species",7,7,-2.3002622127533,-3.36017489433289
"species",8,8,6.49121999740601,3.2931182384491
"species",9,9,4.36931180953979,2.25554394721985
"species",10,10,2.92675185203552,-3.65749216079712
