"species","x","y","x1","x2"
"background",1,1,3.02537083625793,-5.26198482513428
"background",2,2,-9.30947017669678,-1.74007248878479
"background",3,3,-7.85281896591187,-2.07094287872314
"background",4,4,-3.90182399749756,2.21137261390686
"background",5,5,-8.17823886871338,-0.0131461070850492
"background",6,6,-5.07552146911621,-0.410674273967743
"background",7,7,-6.79730224609375,-7.27732706069946
"background",8,8,2.62005996704102,3.28758764266968
"background",9,9,-9.2263765335083,-3.92950940132141
"background",10,10,-8.51642513275146,-6.86967372894287
"background",11,11,-4.17761087417603,-7.27989292144775
"background",12,12,-8.29078674316406,-5.32894468307495
"background",13,13,0.701847970485687,-4.97339487075806
"background",14,14,-5.14430570602417,0.463397026062012
"background",15,15,-1.13124966621399,-0.0873990505933762
"background",16,16,-0.903515934944153,1.35292482376099
"background",17,17,-6.04161739349365,-6.45359230041504
"background",18,18,-3.93238806724548,0.161593168973923
"background",19,19,-7.40342950820923,-4.20380353927612
"background",20,20,-7.27410984039307,-3.96085500717163
"background",21,21,-5.420654296875,0.896910548210144
"background",22,22,-2.65728497505188,0.290261417627335
"background",23,23,-0.801784694194794,-0.711323618888855
"background",24,24,4.896803855896,0.700574636459351
"background",25,25,5.81781578063965,1.70890140533447
"background",26,26,0.265571385622025,0.368677496910095
"background",27,27,-9.02933788299561,-2.4443154335022
"background",28,28,-7.38688945770264,-7.25645637512207
"background",29,29,3.05469870567322,-5.56850433349609
"background",30,30,-1.35376489162445,0.0763709768652916
"background",31,31,-7.73165321350098,-5.66861200332642
"background",32,32,-2.59033989906311,-0.214141428470612
"background",33,33,-7.98427963256836,-7.62364387512207
"background",34,34,-8.86579990386963,-6.22643947601318
"background",35,35,-6.49013185501099,-6.67313718795776
"background",36,36,-6.55415868759155,-6.28077697753906
"background",37,37,-7.55059146881104,-1.10283553600311
"background",38,38,-6.29166507720947,-2.67614769935608
"background",39,39,-2.71907782554626,0.722521364688873
"background",40,40,-9.83271598815918,-1.19342303276062
"background",41,41,-2.15789937973022,-3.93150568008423
"background",42,42,0.844482839107513,-0.556930363178253
"background",43,43,4.73140001296997,-2.6338963508606
"background",44,44,-7.56475687026978,-1.03431880474091
"background",45,45,-5.57661008834839,0.478267997503281
"background",46,46,-4.75015020370483,-8.53293228149414
"background",47,47,-1.51102387905121,3.19203209877014
"background",48,48,-2.97167658805847,2.99880576133728
"background",49,49,-7.48972606658936,-0.0163303464651108
"background",50,50,-2.59979510307312,-1.53044068813324
