"species","x","y","x1","x2"
"species",1,1,0.81677520275116,-2.77057433128357
"species",2,2,1.54152190685272,5.6968240737915
"species",3,3,1.62749433517456,4.1118745803833
"species",4,4,2.00572109222412,4.74374341964722
"species",5,5,3.79325938224792,4.63354682922363
"species",6,6,3.71192145347595,-5.44456768035889
"species",7,7,-2.3002622127533,-3.36017489433289
"species",8,8,6.49121999740601,3.2931182384491
"species",9,9,1.04563963413239,-3.9143214225769
"species",10,10,4.36931180953979,2.25554394721985
