"species","x","y","x1","x2"
"species",1,1,-3.73898863792419,-3.87377548217773
"species",2,2,-3.73898863792419,-3.87377548217773
"species",3,3,-0.0750579386949539,5.74381589889526
"species",4,4,0.81677520275116,-2.77057433128357
"species",5,5,-0.0945645049214363,-4.66934967041016
"species",6,6,1.54152190685272,5.6968240737915
"species",7,7,1.54152190685272,5.6968240737915
"species",8,8,1.54152190685272,5.6968240737915
"species",9,9,1.62749433517456,4.1118745803833
"species",10,10,2.45528078079224,5.18778610229492
"species",11,11,1.63224411010742,4.38878059387207
"species",12,12,1.63224411010742,4.38878059387207
"species",13,13,3.71192145347595,-5.44456768035889
"species",14,14,-2.3002622127533,-3.36017489433289
"species",15,15,3.00753283500671,3.2823338508606
"species",16,16,3.00753283500671,3.2823338508606
"species",17,17,1.04563963413239,-3.9143214225769
"species",18,18,1.04563963413239,-3.9143214225769
"species",19,19,4.36931180953979,2.25554394721985
"species",20,20,2.92675185203552,-3.65749216079712
