"species","x","y","x1","x2"
"background",1,1,-0.910724401473999,0.745093643665314
"background",2,2,-1.68729710578918,0.551118850708008
"background",3,3,-6.07458019256592,0.591792821884155
"background",4,4,-8.7665843963623,-2.7730565071106
"background",5,5,-5.64084672927856,1.62190651893616
"background",6,6,-2.3856680393219,1.59360682964325
"background",7,7,-6.06444883346558,-7.46630001068115
"background",8,8,1.09502458572388,-0.805979669094086
"background",9,9,-9.55849170684814,-5.33896541595459
"background",10,10,-8.02080726623535,-2.44538760185242
"background",11,11,-4.95235443115234,0.890022337436676
"background",12,12,-7.63014650344849,-6.26668691635132
"background",13,13,-4.16419410705566,0.777760446071625
"background",14,14,-3.53017592430115,0.528425455093384
"background",15,15,-8.35795879364014,-4.34183979034424
"background",16,16,-7.42875289916992,-6.1717848777771
"background",17,17,-10.4878559112549,-4.26113653182983
"background",18,18,5.64084529876709,-3.12262344360352
"background",19,19,-1.09855043888092,1.68152356147766
"background",20,20,-7.50699901580811,-3.24793744087219
"background",21,21,2.30889844894409,-3.03456044197083
"background",22,22,-6.06275129318237,-0.503667414188385
"background",23,23,-7.76297521591187,-1.230313539505
"background",24,24,1.72989797592163,-1.29648840427399
"background",25,25,-6.57577323913574,-3.21455812454224
"background",26,26,1.48667979240417,-0.786101937294006
"background",27,27,-1.22213959693909,-0.198697209358215
"background",28,28,0.69487190246582,1.10881721973419
"background",29,29,0.406805843114853,1.24400687217712
"background",30,30,-7.01673173904419,-5.98526763916016
"background",31,31,-4.82492685317993,-9.03091144561768
"background",32,32,-9.35855865478516,-3.04310011863708
"background",33,33,-5.420654296875,0.896910548210144
"background",34,34,-7.98794460296631,-1.6600284576416
"background",35,35,-8.27792358398438,-3.57445931434631
"background",36,36,-5.49814081192017,-1.13462233543396
"background",37,37,-2.97752118110657,-5.43981695175171
"background",38,38,0.113257482647896,0.445330858230591
"background",39,39,-1.38423109054565,-3.90845704078674
"background",40,40,1.55882918834686,-1.51089811325073
"background",41,41,-2.5556800365448,-4.77590990066528
"background",42,42,-7.94482946395874,-0.573126018047333
"background",43,43,-8.51766681671143,-1.56219637393951
"background",44,44,1.332444190979,-0.293710589408875
"background",45,45,-7.45054054260254,-8.09494781494141
"background",46,46,-9.89752674102783,-2.09073424339294
"background",47,47,-9.23894214630127,-4.9925742149353
"background",48,48,-4.99844312667847,0.172784268856049
"background",49,49,-4.39275741577148,1.65663778781891
"background",50,50,-8.20524120330811,-2.96638560295105
