"species","x","y","x1","x2"
"background",1,1,-0.910724401473999,0.745093643665314
"background",2,2,-5.75752592086792,-0.343179315328598
"background",3,3,-1.68729710578918,0.551118850708008
"background",4,4,-6.07458019256592,0.591792821884155
"background",5,5,-8.11837291717529,-5.04406929016113
"background",6,6,-6.3838267326355,-1.74523866176605
"background",7,7,-7.59307384490967,-0.9886115193367
"background",8,8,-6.06444883346558,-7.46630001068115
"background",9,9,-6.40241050720215,0.361694782972336
"background",10,10,3.72432708740234,2.855220079422
"background",11,11,-8.02080726623535,-2.44538760185242
"background",12,12,-4.95235443115234,0.890022337436676
"background",13,13,-5.81324052810669,-5.77392292022705
"background",14,14,-4.16419410705566,0.777760446071625
"background",15,15,-3.53017592430115,0.528425455093384
"background",16,16,-8.35795879364014,-4.34183979034424
"background",17,17,1.8326530456543,-0.507804811000824
"background",18,18,4.84536361694336,0.00257492251694202
"background",19,19,5.64084529876709,-3.12262344360352
"background",20,20,2.30889844894409,-3.03456044197083
"background",21,21,-3.44643354415894,1.97270774841309
"background",22,22,-6.06275129318237,-0.503667414188385
"background",23,23,-5.20580530166626,-7.09210729598999
"background",24,24,-8.51642513275146,-6.86967372894287
"background",25,25,-0.21602375805378,-0.0106458365917206
"background",26,26,-7.76297521591187,-1.230313539505
"background",27,27,-8.13906002044678,-2.97388482093811
"background",28,28,-5.22201156616211,-4.63005352020264
"background",29,29,1.72989797592163,-1.29648840427399
"background",30,30,-6.57577323913574,-3.21455812454224
"background",31,31,-2.01358294487,0.590106904506683
"background",32,32,-2.15291690826416,1.79823732376099
"background",33,33,-9.55528545379639,-7.04227542877197
"background",34,34,-1.22213959693909,-0.198697209358215
"background",35,35,0.276595532894135,-0.708395600318909
"background",36,36,-3.92745423316956,2.18024396896362
"background",37,37,-7.01673173904419,-5.98526763916016
"background",38,38,-5.420654296875,0.896910548210144
"background",39,39,-8.21298027038574,-2.12564730644226
"background",40,40,-2.86371874809265,1.43794846534729
"background",41,41,0.113257482647896,0.445330858230591
"background",42,42,-1.38423109054565,-3.90845704078674
"background",43,43,1.55882918834686,-1.51089811325073
"background",44,44,-8.62508201599121,-5.27166223526001
"background",45,45,-2.5556800365448,-4.77590990066528
"background",46,46,-5.55896711349487,-0.345217376947403
"background",47,47,-8.71317672729492,1.0167487859726
"background",48,48,-8.6538257598877,-6.8800253868103
"background",49,49,-1.60120594501495,-0.202775567770004
"background",50,50,-5.55288982391357,-6.71858406066895
