"species","x","y","x1","x2"
"background",1,1,-0.910724401473999,0.745093643665314
"background",2,2,-5.75752592086792,-0.343179315328598
"background",3,3,-3.1104257106781,0.388117045164108
"background",4,4,-8.11837291717529,-5.04406929016113
"background",5,5,-6.3838267326355,-1.74523866176605
"background",6,6,-7.59307384490967,-0.9886115193367
"background",7,7,-2.3856680393219,1.59360682964325
"background",8,8,4.49467039108276,-3.20695996284485
"background",9,9,-9.12031364440918,0.323075413703918
"background",10,10,-0.379802137613297,0.777159512042999
"background",11,11,-9.55849170684814,-5.33896541595459
"background",12,12,3.72432708740234,2.855220079422
"background",13,13,-8.02080726623535,-2.44538760185242
"background",14,14,-4.95235443115234,0.890022337436676
"background",15,15,-4.16419410705566,0.777760446071625
"background",16,16,-8.35795879364014,-4.34183979034424
"background",17,17,-10.4878559112549,-4.26113653182983
"background",18,18,-3.59088635444641,0.891221940517426
"background",19,19,-1.09855043888092,1.68152356147766
"background",20,20,-7.50699901580811,-3.24793744087219
"background",21,21,1.14454138278961,-1.09783339500427
"background",22,22,2.30889844894409,-3.03456044197083
"background",23,23,-3.44643354415894,1.97270774841309
"background",24,24,-6.06275129318237,-0.503667414188385
"background",25,25,-8.51642513275146,-6.86967372894287
"background",26,26,-6.57577323913574,-3.21455812454224
"background",27,27,-2.01358294487,0.590106904506683
"background",28,28,-2.15291690826416,1.79823732376099
"background",29,29,1.48667979240417,-0.786101937294006
"background",30,30,-9.55528545379639,-7.04227542877197
"background",31,31,-1.22213959693909,-0.198697209358215
"background",32,32,-3.92745423316956,2.18024396896362
"background",33,33,0.878743708133698,-0.840662240982056
"background",34,34,0.406805843114853,1.24400687217712
"background",35,35,-4.71072006225586,2.51484203338623
"background",36,36,-2.86371874809265,1.43794846534729
"background",37,37,-5.49814081192017,-1.13462233543396
"background",38,38,-2.97752118110657,-5.43981695175171
"background",39,39,-1.38423109054565,-3.90845704078674
"background",40,40,-8.62508201599121,-5.27166223526001
"background",41,41,-1.82174253463745,1.44925856590271
"background",42,42,-1.62767720222473,1.24090993404388
"background",43,43,-7.94482946395874,-0.573126018047333
"background",44,44,-5.55896711349487,-0.345217376947403
"background",45,45,1.332444190979,-0.293710589408875
"background",46,46,-7.45054054260254,-8.09494781494141
"background",47,47,-9.23894214630127,-4.9925742149353
"background",48,48,-8.6538257598877,-6.8800253868103
"background",49,49,-8.30367946624756,-4.68802738189697
"background",50,50,-1.60120594501495,-0.202775567770004
