"species","x","y","x1","x2"
"background",1,1,-5.75752592086792,-0.343179315328598
"background",2,2,-3.1104257106781,0.388117045164108
"background",3,3,-7.0003080368042,0.606109082698822
"background",4,4,-8.11837291717529,-5.04406929016113
"background",5,5,-6.3838267326355,-1.74523866176605
"background",6,6,-7.59307384490967,-0.9886115193367
"background",7,7,4.49467039108276,-3.20695996284485
"background",8,8,-6.40241050720215,0.361694782972336
"background",9,9,-9.12031364440918,0.323075413703918
"background",10,10,-0.379802137613297,0.777159512042999
"background",11,11,3.72432708740234,2.855220079422
"background",12,12,-5.81324052810669,-5.77392292022705
"background",13,13,1.8326530456543,-0.507804811000824
"background",14,14,4.84536361694336,0.00257492251694202
"background",15,15,-3.59088635444641,0.891221940517426
"background",16,16,1.14454138278961,-1.09783339500427
"background",17,17,-2.66435432434082,1.05388915538788
"background",18,18,-3.44643354415894,1.97270774841309
"background",19,19,-5.20580530166626,-7.09210729598999
"background",20,20,-8.51642513275146,-6.86967372894287
"background",21,21,-0.21602375805378,-0.0106458365917206
"background",22,22,-8.13906002044678,-2.97388482093811
"background",23,23,-5.22201156616211,-4.63005352020264
"background",24,24,-6.05454683303833,-8.43614673614502
"background",25,25,-2.01358294487,0.590106904506683
"background",26,26,-2.15291690826416,1.79823732376099
"background",27,27,-9.55528545379639,-7.04227542877197
"background",28,28,0.276595532894135,-0.708395600318909
"background",29,29,-8.56054592132568,-5.88124513626099
"background",30,30,-3.92745423316956,2.18024396896362
"background",31,31,0.878743708133698,-0.840662240982056
"background",32,32,-4.77663278579712,-8.25764846801758
"background",33,33,0.810456573963165,-0.438915640115738
"background",34,34,-8.21298027038574,-2.12564730644226
"background",35,35,-4.71072006225586,2.51484203338623
"background",36,36,-2.86371874809265,1.43794846534729
"background",37,37,-0.530673980712891,1.008664727211
"background",38,38,-7.04480409622192,-8.39658832550049
"background",39,39,-6.54104852676392,-5.45869922637939
"background",40,40,-8.62508201599121,-5.27166223526001
"background",41,41,-1.82174253463745,1.44925856590271
"background",42,42,-1.62767720222473,1.24090993404388
"background",43,43,-5.55896711349487,-0.345217376947403
"background",44,44,-1.20755958557129,0.163756296038628
"background",45,45,-8.71317672729492,1.0167487859726
"background",46,46,-8.6538257598877,-6.8800253868103
"background",47,47,-8.63335990905762,-2.98392367362976
"background",48,48,-8.30367946624756,-4.68802738189697
"background",49,49,-1.60120594501495,-0.202775567770004
"background",50,50,-5.55288982391357,-6.71858406066895
