"species","x","y","x1","x2"
"background",1,1,3.02537083625793,-5.26198482513428
"background",2,2,-9.30947017669678,-1.74007248878479
"background",3,3,-7.85281896591187,-2.07094287872314
"background",4,4,-3.90182399749756,2.21137261390686
"background",5,5,-8.17823886871338,-0.0131461070850492
"background",6,6,-8.7019100189209,-3.13036870956421
"background",7,7,-0.226765707135201,-5.79757738113403
"background",8,8,-4.08915376663208,0.443528324365616
"background",9,9,-5.07552146911621,-0.410674273967743
"background",10,10,-5.55754899978638,-7.07304000854492
"background",11,11,0.533042013645172,-1.18672335147858
"background",12,12,-3.53017592430115,0.528425455093384
"background",13,13,-4.62256002426147,-7.03540897369385
"background",14,14,-6.79730224609375,-7.27732706069946
"background",15,15,4.46343374252319,1.68006777763367
"background",16,16,-2.44291186332703,1.29183757305145
"background",17,17,1.94336521625519,-1.74491775035858
"background",18,18,-1.49690103530884,1.29883527755737
"background",19,19,-5.52721118927002,-6.64241456985474
"background",20,20,3.57516312599182,-2.68411898612976
"background",21,21,-9.2263765335083,-3.92950940132141
"background",22,22,-8.85368347167969,-2.02157711982727
"background",23,23,-8.51642513275146,-6.86967372894287
"background",24,24,-7.83627510070801,-4.35190153121948
"background",25,25,-4.17761087417603,-7.27989292144775
"background",26,26,-5.0743203163147,2.52371788024902
"background",27,27,-5.14430570602417,0.463397026062012
"background",28,28,-7.4406418800354,-6.97103404998779
"background",29,29,-1.13124966621399,-0.0873990505933762
"background",30,30,-10.3034105300903,-4.16136741638184
"background",31,31,-5.81889867782593,-7.32108497619629
"background",32,32,-7.09820890426636,0.0528289750218391
"background",33,33,-7.75741481781006,-3.44315123558044
"background",34,34,-0.903515934944153,1.35292482376099
"background",35,35,-6.04161739349365,-6.45359230041504
"background",36,36,-3.93238806724548,0.161593168973923
"background",37,37,-8.34643745422363,-7.35980606079102
"background",38,38,-4.93049383163452,2.22140741348267
"background",39,39,-2.80433416366577,-0.627688646316528
"background",40,40,-4.32722139358521,-8.09792041778564
"background",41,41,-2.65728497505188,0.290261417627335
"background",42,42,-8.63266658782959,-8.30180644989014
"background",43,43,-0.801784694194794,-0.711323618888855
"background",44,44,4.896803855896,0.700574636459351
"background",45,45,-0.911963820457458,-0.499041736125946
"background",46,46,5.81781578063965,1.70890140533447
"background",47,47,-6.23516082763672,-1.55794715881348
"background",48,48,0.265571385622025,0.368677496910095
"background",49,49,-9.02933788299561,-2.4443154335022
"background",50,50,-8.86579990386963,-6.22643947601318
"background",51,51,-6.49013185501099,-6.67313718795776
"background",52,52,-8.32315063476562,-3.52951169013977
"background",53,53,-6.55415868759155,-6.28077697753906
"background",54,54,-7.55059146881104,-1.10283553600311
"background",55,55,-9.5241174697876,-5.17370748519897
"background",56,56,-5.91467761993408,1.87081360816956
"background",57,57,-6.29363012313843,-0.429005026817322
"background",58,58,-6.29166507720947,-2.67614769935608
"background",59,59,-2.71907782554626,0.722521364688873
"background",60,60,-6.64720439910889,0.743927240371704
"background",61,61,-2.15789937973022,-3.93150568008423
"background",62,62,0.844482839107513,-0.556930363178253
"background",63,63,-5.57661008834839,0.478267997503281
"background",64,64,-4.75015020370483,-8.53293228149414
"background",65,65,-2.97167658805847,2.99880576133728
"background",66,66,-7.48972606658936,-0.0163303464651108
