"species","x","y","x1","x2"
"background",1,1,-0.910724401473999,0.745093643665314
"background",2,2,-5.75752592086792,-0.343179315328598
"background",3,3,-8.11837291717529,-5.04406929016113
"background",4,4,-6.3838267326355,-1.74523866176605
"background",5,5,-7.59307384490967,-0.9886115193367
"background",6,6,-8.7665843963623,-2.7730565071106
"background",7,7,-5.64084672927856,1.62190651893616
"background",8,8,4.49467039108276,-3.20695996284485
"background",9,9,-6.06444883346558,-7.46630001068115
"background",10,10,-9.12031364440918,0.323075413703918
"background",11,11,1.09502458572388,-0.805979669094086
"background",12,12,-0.379802137613297,0.777159512042999
"background",13,13,-9.55849170684814,-5.33896541595459
"background",14,14,-8.02080726623535,-2.44538760185242
"background",15,15,-4.95235443115234,0.890022337436676
"background",16,16,-5.81324052810669,-5.77392292022705
"background",17,17,-10.4878559112549,-4.26113653182983
"background",18,18,5.64084529876709,-3.12262344360352
"background",19,19,-7.50699901580811,-3.24793744087219
"background",20,20,2.30889844894409,-3.03456044197083
"background",21,21,-8.51642513275146,-6.86967372894287
"background",22,22,-0.21602375805378,-0.0106458365917206
"background",23,23,1.72989797592163,-1.29648840427399
"background",24,24,1.48667979240417,-0.786101937294006
"background",25,25,0.276595532894135,-0.708395600318909
"background",26,26,-8.56054592132568,-5.88124513626099
"background",27,27,-3.92745423316956,2.18024396896362
"background",28,28,0.878743708133698,-0.840662240982056
"background",29,29,0.406805843114853,1.24400687217712
"background",30,30,-7.01673173904419,-5.98526763916016
"background",31,31,-9.35855865478516,-3.04310011863708
"background",32,32,-7.98794460296631,-1.6600284576416
"background",33,33,-4.71072006225586,2.51484203338623
"background",34,34,-2.97752118110657,-5.43981695175171
"background",35,35,-1.38423109054565,-3.90845704078674
"background",36,36,-7.04480409622192,-8.39658832550049
"background",37,37,1.55882918834686,-1.51089811325073
"background",38,38,-1.82174253463745,1.44925856590271
"background",39,39,-1.62767720222473,1.24090993404388
"background",40,40,-2.5556800365448,-4.77590990066528
"background",41,41,-7.94482946395874,-0.573126018047333
"background",42,42,-5.55896711349487,-0.345217376947403
"background",43,43,-8.51766681671143,-1.56219637393951
"background",44,44,1.332444190979,-0.293710589408875
"background",45,45,-9.89752674102783,-2.09073424339294
"background",46,46,-4.99844312667847,0.172784268856049
"background",47,47,-8.63335990905762,-2.98392367362976
"background",48,48,-8.30367946624756,-4.68802738189697
"background",49,49,-1.60120594501495,-0.202775567770004
"background",50,50,-5.55288982391357,-6.71858406066895
