"species","x","y","x1","x2"
"background",1,1,-4.05373001098633,2.18864440917969
"background",2,2,3.02537083625793,-5.26198482513428
"background",3,3,-7.85281896591187,-2.07094287872314
"background",4,4,-3.90182399749756,2.21137261390686
"background",5,5,-4.42168283462524,1.96799147129059
"background",6,6,-8.17823886871338,-0.0131461070850492
"background",7,7,-8.7019100189209,-3.13036870956421
"background",8,8,-4.08915376663208,0.443528324365616
"background",9,9,-5.55754899978638,-7.07304000854492
"background",10,10,-5.60221195220947,1.20033884048462
"background",11,11,4.46343374252319,1.68006777763367
"background",12,12,-6.66994714736938,-3.06292390823364
"background",13,13,-1.49690103530884,1.29883527755737
"background",14,14,-5.52721118927002,-6.64241456985474
"background",15,15,-8.85368347167969,-2.02157711982727
"background",16,16,-8.51642513275146,-6.86967372894287
"background",17,17,-8.29078674316406,-5.32894468307495
"background",18,18,0.701847970485687,-4.97339487075806
"background",19,19,-5.0743203163147,2.52371788024902
"background",20,20,-5.14430570602417,0.463397026062012
"background",21,21,-8.28589057922363,-7.17487907409668
"background",22,22,-7.4406418800354,-6.97103404998779
"background",23,23,-1.13124966621399,-0.0873990505933762
"background",24,24,-10.3034105300903,-4.16136741638184
"background",25,25,-7.35569667816162,-0.347060054540634
"background",26,26,-5.81889867782593,-7.32108497619629
"background",27,27,-7.09820890426636,0.0528289750218391
"background",28,28,-7.40342950820923,-4.20380353927612
"background",29,29,-5.420654296875,0.896910548210144
"background",30,30,-8.63266658782959,-8.30180644989014
"background",31,31,4.896803855896,0.700574636459351
"background",32,32,-8.41871356964111,0.00321971112862229
"background",33,33,-0.911963820457458,-0.499041736125946
"background",34,34,5.81781578063965,1.70890140533447
"background",35,35,-2.2308554649353,0.366341710090637
"background",36,36,0.265571385622025,0.368677496910095
"background",37,37,-9.02933788299561,-2.4443154335022
"background",38,38,0.88112860918045,-1.27631568908691
"background",39,39,-1.35376489162445,0.0763709768652916
"background",40,40,-7.98427963256836,-7.62364387512207
"background",41,41,-8.86579990386963,-6.22643947601318
"background",42,42,-6.49013185501099,-6.67313718795776
"background",43,43,-8.32315063476562,-3.52951169013977
"background",44,44,-5.28825712203979,-7.78328561782837
"background",45,45,-6.29166507720947,-2.67614769935608
"background",46,46,-6.64720439910889,0.743927240371704
"background",47,47,0.844482839107513,-0.556930363178253
"background",48,48,-7.56475687026978,-1.03431880474091
"background",49,49,-5.57661008834839,0.478267997503281
"background",50,50,-2.59979510307312,-1.53044068813324
