"species","x","y","x1","x2"
"background",1,1,-4.05373001098633,2.18864440917969
"background",2,2,-7.85281896591187,-2.07094287872314
"background",3,3,-4.42168283462524,1.96799147129059
"background",4,4,-8.17823886871338,-0.0131461070850492
"background",5,5,-8.7019100189209,-3.13036870956421
"background",6,6,-5.07552146911621,-0.410674273967743
"background",7,7,0.533042013645172,-1.18672335147858
"background",8,8,-3.53017592430115,0.528425455093384
"background",9,9,-2.0831732749939,1.72486448287964
"background",10,10,-1.49690103530884,1.29883527755737
"background",11,11,-9.2263765335083,-3.92950940132141
"background",12,12,-2.49825048446655,-1.47870016098022
"background",13,13,-8.85368347167969,-2.02157711982727
"background",14,14,-4.17761087417603,-7.27989292144775
"background",15,15,-8.29078674316406,-5.32894468307495
"background",16,16,0.701847970485687,-4.97339487075806
"background",17,17,-10.3034105300903,-4.16136741638184
"background",18,18,-0.78494781255722,-0.837515354156494
"background",19,19,-7.35569667816162,-0.347060054540634
"background",20,20,-0.903515934944153,1.35292482376099
"background",21,21,-3.93238806724548,0.161593168973923
"background",22,22,-5.68826723098755,2.42802619934082
"background",23,23,-7.40342950820923,-4.20380353927612
"background",24,24,-5.420654296875,0.896910548210144
"background",25,25,-4.93049383163452,2.22140741348267
"background",26,26,-4.32722139358521,-8.09792041778564
"background",27,27,-2.65728497505188,0.290261417627335
"background",28,28,-8.63266658782959,-8.30180644989014
"background",29,29,4.896803855896,0.700574636459351
"background",30,30,-8.41871356964111,0.00321971112862229
"background",31,31,5.81781578063965,1.70890140533447
"background",32,32,-2.2308554649353,0.366341710090637
"background",33,33,-6.23516082763672,-1.55794715881348
"background",34,34,0.265571385622025,0.368677496910095
"background",35,35,3.05469870567322,-5.56850433349609
"background",36,36,-1.35376489162445,0.0763709768652916
"background",37,37,-7.73165321350098,-5.66861200332642
"background",38,38,-6.49013185501099,-6.67313718795776
"background",39,39,-7.55059146881104,-1.10283553600311
"background",40,40,-9.5241174697876,-5.17370748519897
"background",41,41,-5.91467761993408,1.87081360816956
"background",42,42,-6.29363012313843,-0.429005026817322
"background",43,43,-5.28825712203979,-7.78328561782837
"background",44,44,-6.29166507720947,-2.67614769935608
"background",45,45,-2.71907782554626,0.722521364688873
"background",46,46,4.73140001296997,-2.6338963508606
"background",47,47,-7.56475687026978,-1.03431880474091
"background",48,48,-5.57661008834839,0.478267997503281
"background",49,49,-1.51102387905121,3.19203209877014
"background",50,50,-2.59979510307312,-1.53044068813324
