"species","x","y","x1","x2"
"background",1,1,-4.05373001098633,2.18864440917969
"background",2,2,3.02537083625793,-5.26198482513428
"background",3,3,-9.30947017669678,-1.74007248878479
"background",4,4,-7.85281896591187,-2.07094287872314
"background",5,5,-3.90182399749756,2.21137261390686
"background",6,6,-8.17823886871338,-0.0131461070850492
"background",7,7,-8.7019100189209,-3.13036870956421
"background",8,8,-0.226765707135201,-5.79757738113403
"background",9,9,-4.08915376663208,0.443528324365616
"background",10,10,-3.68984293937683,1.88617920875549
"background",11,11,-5.55754899978638,-7.07304000854492
"background",12,12,0.533042013645172,-1.18672335147858
"background",13,13,-3.53017592430115,0.528425455093384
"background",14,14,-5.60221195220947,1.20033884048462
"background",15,15,4.46343374252319,1.68006777763367
"background",16,16,1.94336521625519,-1.74491775035858
"background",17,17,-1.49690103530884,1.29883527755737
"background",18,18,-5.52721118927002,-6.64241456985474
"background",19,19,3.57516312599182,-2.68411898612976
"background",20,20,-9.2263765335083,-3.92950940132141
"background",21,21,-2.49825048446655,-1.47870016098022
"background",22,22,-8.85368347167969,-2.02157711982727
"background",23,23,-4.17761087417603,-7.27989292144775
"background",24,24,-5.14430570602417,0.463397026062012
"background",25,25,-1.13124966621399,-0.0873990505933762
"background",26,26,-10.3034105300903,-4.16136741638184
"background",27,27,-7.35569667816162,-0.347060054540634
"background",28,28,-5.81889867782593,-7.32108497619629
"background",29,29,-7.09820890426636,0.0528289750218391
"background",30,30,-0.903515934944153,1.35292482376099
"background",31,31,-3.93238806724548,0.161593168973923
"background",32,32,-8.34643745422363,-7.35980606079102
"background",33,33,-5.68826723098755,2.42802619934082
"background",34,34,-4.76995038986206,1.95494282245636
"background",35,35,-4.32722139358521,-8.09792041778564
"background",36,36,-2.65728497505188,0.290261417627335
"background",37,37,-8.63266658782959,-8.30180644989014
"background",38,38,-0.801784694194794,-0.711323618888855
"background",39,39,-8.41871356964111,0.00321971112862229
"background",40,40,-0.911963820457458,-0.499041736125946
"background",41,41,5.81781578063965,1.70890140533447
"background",42,42,-2.2308554649353,0.366341710090637
"background",43,43,0.265571385622025,0.368677496910095
"background",44,44,-9.02933788299561,-2.4443154335022
"background",45,45,-7.38688945770264,-7.25645637512207
"background",46,46,3.05469870567322,-5.56850433349609
"background",47,47,-1.35376489162445,0.0763709768652916
"background",48,48,-7.73165321350098,-5.66861200332642
"background",49,49,-7.28719425201416,0.123321227729321
"background",50,50,-7.98427963256836,-7.62364387512207
"background",51,51,-6.49013185501099,-6.67313718795776
"background",52,52,-8.32315063476562,-3.52951169013977
"background",53,53,-6.55415868759155,-6.28077697753906
"background",54,54,-5.91467761993408,1.87081360816956
"background",55,55,-6.29363012313843,-0.429005026817322
"background",56,56,-5.28825712203979,-7.78328561782837
"background",57,57,-6.29166507720947,-2.67614769935608
"background",58,58,-2.71907782554626,0.722521364688873
"background",59,59,-6.64720439910889,0.743927240371704
"background",60,60,-9.83271598815918,-1.19342303276062
"background",61,61,4.73140001296997,-2.6338963508606
"background",62,62,-7.56475687026978,-1.03431880474091
"background",63,63,-5.57661008834839,0.478267997503281
"background",64,64,-1.51102387905121,3.19203209877014
"background",65,65,-2.97167658805847,2.99880576133728
"background",66,66,-7.48972606658936,-0.0163303464651108
"background",67,67,-2.59979510307312,-1.53044068813324
