"species","x","y","x1","x2"
"species",1,1,-3.73898863792419,-3.87377548217773
"species",2,2,-3.73898863792419,-3.87377548217773
"species",3,3,0.207767859101295,-5.34840774536133
"species",4,4,0.207767859101295,-5.34840774536133
"species",5,5,-0.0750579386949539,5.74381589889526
"species",6,6,-0.0945645049214363,-4.66934967041016
"species",7,7,-0.0945645049214363,-4.66934967041016
"species",8,8,-0.0945645049214363,-4.66934967041016
"species",9,9,1.62749433517456,4.1118745803833
"species",10,10,2.45528078079224,5.18778610229492
"species",11,11,2.00572109222412,4.74374341964722
"species",12,12,1.63224411010742,4.38878059387207
"species",13,13,1.63224411010742,4.38878059387207
"species",14,14,3.79325938224792,4.63354682922363
"species",15,15,3.71192145347595,-5.44456768035889
"species",16,16,3.71192145347595,-5.44456768035889
"species",17,17,6.49121999740601,3.2931182384491
"species",18,18,1.04563963413239,-3.9143214225769
"species",19,19,4.36931180953979,2.25554394721985
"species",20,20,4.36931180953979,2.25554394721985
"species",21,21,4.36931180953979,2.25554394721985
"species",22,22,4.36931180953979,2.25554394721985
"species",23,23,2.92675185203552,-3.65749216079712
