"species","x","y","x1","x2"
"background",1,1,-0.910724401473999,0.745093643665314
"background",2,2,-5.75752592086792,-0.343179315328598
"background",3,3,-7.0003080368042,0.606109082698822
"background",4,4,-1.68729710578918,0.551118850708008
"background",5,5,-6.07458019256592,0.591792821884155
"background",6,6,-8.11837291717529,-5.04406929016113
"background",7,7,-6.3838267326355,-1.74523866176605
"background",8,8,-7.59307384490967,-0.9886115193367
"background",9,9,-8.7665843963623,-2.7730565071106
"background",10,10,-5.64084672927856,1.62190651893616
"background",11,11,4.49467039108276,-3.20695996284485
"background",12,12,-6.40241050720215,0.361694782972336
"background",13,13,-9.12031364440918,0.323075413703918
"background",14,14,1.09502458572388,-0.805979669094086
"background",15,15,-0.379802137613297,0.777159512042999
"background",16,16,-9.55849170684814,-5.33896541595459
"background",17,17,3.72432708740234,2.855220079422
"background",18,18,-8.02080726623535,-2.44538760185242
"background",19,19,-4.95235443115234,0.890022337436676
"background",20,20,-5.81324052810669,-5.77392292022705
"background",21,21,-3.53017592430115,0.528425455093384
"background",22,22,-8.35795879364014,-4.34183979034424
"background",23,23,-7.42875289916992,-6.1717848777771
"background",24,24,1.8326530456543,-0.507804811000824
"background",25,25,-10.4878559112549,-4.26113653182983
"background",26,26,4.84536361694336,0.00257492251694202
"background",27,27,5.64084529876709,-3.12262344360352
"background",28,28,-3.59088635444641,0.891221940517426
"background",29,29,-1.09855043888092,1.68152356147766
"background",30,30,-7.50699901580811,-3.24793744087219
"background",31,31,1.14454138278961,-1.09783339500427
"background",32,32,-2.66435432434082,1.05388915538788
"background",33,33,2.30889844894409,-3.03456044197083
"background",34,34,-3.44643354415894,1.97270774841309
"background",35,35,-6.06275129318237,-0.503667414188385
"background",36,36,-5.20580530166626,-7.09210729598999
"background",37,37,-8.51642513275146,-6.86967372894287
"background",38,38,-0.21602375805378,-0.0106458365917206
"background",39,39,-7.76297521591187,-1.230313539505
"background",40,40,-8.13906002044678,-2.97388482093811
"background",41,41,1.72989797592163,-1.29648840427399
"background",42,42,-6.05454683303833,-8.43614673614502
"background",43,43,-6.57577323913574,-3.21455812454224
"background",44,44,-2.01358294487,0.590106904506683
"background",45,45,-2.15291690826416,1.79823732376099
"background",46,46,1.48667979240417,-0.786101937294006
"background",47,47,-9.55528545379639,-7.04227542877197
"background",48,48,-1.22213959693909,-0.198697209358215
"background",49,49,-8.56054592132568,-5.88124513626099
"background",50,50,-3.92745423316956,2.18024396896362
"background",51,51,0.69487190246582,1.10881721973419
"background",52,52,0.878743708133698,-0.840662240982056
"background",53,53,0.406805843114853,1.24400687217712
"background",54,54,-4.77663278579712,-8.25764846801758
"background",55,55,-7.01673173904419,-5.98526763916016
"background",56,56,-4.82492685317993,-9.03091144561768
"background",57,57,-9.35855865478516,-3.04310011863708
"background",58,58,-5.420654296875,0.896910548210144
"background",59,59,0.810456573963165,-0.438915640115738
"background",60,60,-7.98794460296631,-1.6600284576416
"background",61,61,-8.21298027038574,-2.12564730644226
"background",62,62,-4.71072006225586,2.51484203338623
"background",63,63,-8.27792358398438,-3.57445931434631
"background",64,64,-2.86371874809265,1.43794846534729
"background",65,65,-5.49814081192017,-1.13462233543396
"background",66,66,-2.97752118110657,-5.43981695175171
"background",67,67,0.113257482647896,0.445330858230591
"background",68,68,-0.530673980712891,1.008664727211
"background",69,69,-7.04480409622192,-8.39658832550049
"background",70,70,1.55882918834686,-1.51089811325073
"background",71,71,-6.54104852676392,-5.45869922637939
"background",72,72,-1.82174253463745,1.44925856590271
"background",73,73,-1.62767720222473,1.24090993404388
"background",74,74,-2.5556800365448,-4.77590990066528
"background",75,75,-7.94482946395874,-0.573126018047333
"background",76,76,-5.55896711349487,-0.345217376947403
"background",77,77,1.332444190979,-0.293710589408875
"background",78,78,-1.20755958557129,0.163756296038628
"background",79,79,-7.45054054260254,-8.09494781494141
"background",80,80,-8.71317672729492,1.0167487859726
"background",81,81,-9.89752674102783,-2.09073424339294
"background",82,82,-9.23894214630127,-4.9925742149353
"background",83,83,-4.99844312667847,0.172784268856049
"background",84,84,-4.39275741577148,1.65663778781891
"background",85,85,-8.6538257598877,-6.8800253868103
"background",86,86,-8.63335990905762,-2.98392367362976
"background",87,87,-8.30367946624756,-4.68802738189697
"background",88,88,-1.60120594501495,-0.202775567770004
"background",89,89,-8.20524120330811,-2.96638560295105
"background",90,90,-5.55288982391357,-6.71858406066895
