"species","x","y","x1","x2"
"species",1,1,-3.73898863792419,-3.87377548217773
"species",2,2,0.81677520275116,-2.77057433128357
"species",3,3,1.54152190685272,5.6968240737915
"species",4,4,-3.32995462417603,-3.33601760864258
"species",5,5,1.62749433517456,4.1118745803833
"species",6,6,2.00572109222412,4.74374341964722
"species",7,7,-2.3002622127533,-3.36017489433289
"species",8,8,3.00753283500671,3.2823338508606
"species",9,9,1.04563963413239,-3.9143214225769
"species",10,10,4.36931180953979,2.25554394721985
