"species","x","y","x1","x2"
"background",1,1,-4.05373001098633,2.18864440917969
"background",2,2,-7.85281896591187,-2.07094287872314
"background",3,3,-3.90182399749756,2.21137261390686
"background",4,4,-8.17823886871338,-0.0131461070850492
"background",5,5,-0.226765707135201,-5.79757738113403
"background",6,6,0.533042013645172,-1.18672335147858
"background",7,7,-3.53017592430115,0.528425455093384
"background",8,8,-4.62256002426147,-7.03540897369385
"background",9,9,2.62005996704102,3.28758764266968
"background",10,10,4.46343374252319,1.68006777763367
"background",11,11,-5.52721118927002,-6.64241456985474
"background",12,12,3.57516312599182,-2.68411898612976
"background",13,13,-2.49825048446655,-1.47870016098022
"background",14,14,-7.83627510070801,-4.35190153121948
"background",15,15,-4.17761087417603,-7.27989292144775
"background",16,16,0.701847970485687,-4.97339487075806
"background",17,17,-5.14430570602417,0.463397026062012
"background",18,18,-7.4406418800354,-6.97103404998779
"background",19,19,-0.78494781255722,-0.837515354156494
"background",20,20,-7.35569667816162,-0.347060054540634
"background",21,21,-5.81889867782593,-7.32108497619629
"background",22,22,-7.75741481781006,-3.44315123558044
"background",23,23,-6.04161739349365,-6.45359230041504
"background",24,24,-8.34643745422363,-7.35980606079102
"background",25,25,-7.40342950820923,-4.20380353927612
"background",26,26,-5.420654296875,0.896910548210144
"background",27,27,-4.76995038986206,1.95494282245636
"background",28,28,-4.93049383163452,2.22140741348267
"background",29,29,-2.80433416366577,-0.627688646316528
"background",30,30,-8.63266658782959,-8.30180644989014
"background",31,31,4.896803855896,0.700574636459351
"background",32,32,5.81781578063965,1.70890140533447
"background",33,33,-2.2308554649353,0.366341710090637
"background",34,34,0.265571385622025,0.368677496910095
"background",35,35,-7.38688945770264,-7.25645637512207
"background",36,36,-1.35376489162445,0.0763709768652916
"background",37,37,-2.59033989906311,-0.214141428470612
"background",38,38,-7.98427963256836,-7.62364387512207
"background",39,39,-8.86579990386963,-6.22643947601318
"background",40,40,-8.32315063476562,-3.52951169013977
"background",41,41,-9.5241174697876,-5.17370748519897
"background",42,42,-5.28825712203979,-7.78328561782837
"background",43,43,-2.71907782554626,0.722521364688873
"background",44,44,-9.83271598815918,-1.19342303276062
"background",45,45,-2.15789937973022,-3.93150568008423
"background",46,46,0.844482839107513,-0.556930363178253
"background",47,47,4.73140001296997,-2.6338963508606
"background",48,48,-2.97167658805847,2.99880576133728
"background",49,49,-7.48972606658936,-0.0163303464651108
"background",50,50,-2.59979510307312,-1.53044068813324
