"species","x","y","x1","x2"
"background",1,1,-4.05373001098633,2.18864440917969
"background",2,2,-4.05373001098633,2.18864440917969
"background",3,3,3.02537083625793,-5.26198482513428
"background",4,4,-7.85281896591187,-2.07094287872314
"background",5,5,-7.85281896591187,-2.07094287872314
"background",6,6,-4.42168283462524,1.96799147129059
"background",7,7,-0.226765707135201,-5.79757738113403
"background",8,8,-0.226765707135201,-5.79757738113403
"background",9,9,-4.08915376663208,0.443528324365616
"background",10,10,-3.68984293937683,1.88617920875549
"background",11,11,-3.68984293937683,1.88617920875549
"background",12,12,-3.68984293937683,1.88617920875549
"background",13,13,-5.07552146911621,-0.410674273967743
"background",14,14,-5.07552146911621,-0.410674273967743
"background",15,15,-5.55754899978638,-7.07304000854492
"background",16,16,-5.60221195220947,1.20033884048462
"background",17,17,-6.79730224609375,-7.27732706069946
"background",18,18,-6.79730224609375,-7.27732706069946
"background",19,19,-2.0831732749939,1.72486448287964
"background",20,20,2.62005996704102,3.28758764266968
"background",21,21,4.46343374252319,1.68006777763367
"background",22,22,4.46343374252319,1.68006777763367
"background",23,23,4.46343374252319,1.68006777763367
"background",24,24,4.46343374252319,1.68006777763367
"background",25,25,-2.44291186332703,1.29183757305145
"background",26,26,-5.52721118927002,-6.64241456985474
"background",27,27,-5.52721118927002,-6.64241456985474
"background",28,28,-5.52721118927002,-6.64241456985474
"background",29,29,3.57516312599182,-2.68411898612976
"background",30,30,-9.2263765335083,-3.92950940132141
"background",31,31,-8.51642513275146,-6.86967372894287
"background",32,32,-4.17761087417603,-7.27989292144775
"background",33,33,-8.29078674316406,-5.32894468307495
"background",34,34,0.701847970485687,-4.97339487075806
"background",35,35,0.701847970485687,-4.97339487075806
"background",36,36,-5.0743203163147,2.52371788024902
"background",37,37,-1.13124966621399,-0.0873990505933762
"background",38,38,-1.13124966621399,-0.0873990505933762
"background",39,39,-1.13124966621399,-0.0873990505933762
"background",40,40,-10.3034105300903,-4.16136741638184
"background",41,41,-5.81889867782593,-7.32108497619629
"background",42,42,-5.81889867782593,-7.32108497619629
"background",43,43,-5.81889867782593,-7.32108497619629
"background",44,44,-5.81889867782593,-7.32108497619629
"background",45,45,-7.75741481781006,-3.44315123558044
"background",46,46,-3.93238806724548,0.161593168973923
"background",47,47,-8.34643745422363,-7.35980606079102
"background",48,48,-8.34643745422363,-7.35980606079102
"background",49,49,-5.68826723098755,2.42802619934082
"background",50,50,-7.27410984039307,-3.96085500717163
"background",51,51,-7.27410984039307,-3.96085500717163
"background",52,52,-4.93049383163452,2.22140741348267
"background",53,53,-4.93049383163452,2.22140741348267
"background",54,54,-2.80433416366577,-0.627688646316528
"background",55,55,-2.80433416366577,-0.627688646316528
"background",56,56,-2.80433416366577,-0.627688646316528
"background",57,57,-2.65728497505188,0.290261417627335
"background",58,58,-2.65728497505188,0.290261417627335
"background",59,59,-2.65728497505188,0.290261417627335
"background",60,60,-8.63266658782959,-8.30180644989014
"background",61,61,-8.63266658782959,-8.30180644989014
"background",62,62,-8.63266658782959,-8.30180644989014
"background",63,63,-0.801784694194794,-0.711323618888855
"background",64,64,4.896803855896,0.700574636459351
"background",65,65,5.81781578063965,1.70890140533447
"background",66,66,-2.2308554649353,0.366341710090637
"background",67,67,-6.23516082763672,-1.55794715881348
"background",68,68,0.265571385622025,0.368677496910095
"background",69,69,-7.38688945770264,-7.25645637512207
"background",70,70,-7.38688945770264,-7.25645637512207
"background",71,71,0.88112860918045,-1.27631568908691
"background",72,72,0.88112860918045,-1.27631568908691
"background",73,73,-1.35376489162445,0.0763709768652916
"background",74,74,-1.35376489162445,0.0763709768652916
"background",75,75,-1.35376489162445,0.0763709768652916
"background",76,76,-7.73165321350098,-5.66861200332642
"background",77,77,-7.28719425201416,0.123321227729321
"background",78,78,-7.28719425201416,0.123321227729321
"background",79,79,-2.59033989906311,-0.214141428470612
"background",80,80,-2.59033989906311,-0.214141428470612
"background",81,81,-7.98427963256836,-7.62364387512207
"background",82,82,-8.32315063476562,-3.52951169013977
"background",83,83,-6.55415868759155,-6.28077697753906
"background",84,84,-7.55059146881104,-1.10283553600311
"background",85,85,-7.55059146881104,-1.10283553600311
"background",86,86,-7.55059146881104,-1.10283553600311
"background",87,87,-9.5241174697876,-5.17370748519897
"background",88,88,-9.5241174697876,-5.17370748519897
"background",89,89,-6.29363012313843,-0.429005026817322
"background",90,90,-5.28825712203979,-7.78328561782837
"background",91,91,-6.64720439910889,0.743927240371704
"background",92,92,-6.64720439910889,0.743927240371704
"background",93,93,-9.83271598815918,-1.19342303276062
"background",94,94,-2.15789937973022,-3.93150568008423
"background",95,95,-2.15789937973022,-3.93150568008423
"background",96,96,-2.15789937973022,-3.93150568008423
"background",97,97,-7.56475687026978,-1.03431880474091
"background",98,98,-4.75015020370483,-8.53293228149414
"background",99,99,-1.51102387905121,3.19203209877014
"background",100,100,-7.48972606658936,-0.0163303464651108
