"species","x","y","x1","x2"
"species",1,1,1.72982931137085,-4.97050666809082
"species",2,2,-3.73898863792419,-3.87377548217773
"species",3,3,0.207767859101295,-5.34840774536133
"species",4,4,-0.0750579386949539,5.74381589889526
"species",5,5,1.54152190685272,5.6968240737915
"species",6,6,-3.32995462417603,-3.33601760864258
"species",7,7,1.62749433517456,4.1118745803833
"species",8,8,-2.3002622127533,-3.36017489433289
"species",9,9,4.36931180953979,2.25554394721985
"species",10,10,2.92675185203552,-3.65749216079712
