"species","x","y","x1","x2"
"background",1,1,3.02537083625793,-5.26198482513428
"background",2,2,-9.30947017669678,-1.74007248878479
"background",3,3,-3.90182399749756,2.21137261390686
"background",4,4,-0.226765707135201,-5.79757738113403
"background",5,5,-4.08915376663208,0.443528324365616
"background",6,6,-3.68984293937683,1.88617920875549
"background",7,7,-5.55754899978638,-7.07304000854492
"background",8,8,-5.60221195220947,1.20033884048462
"background",9,9,-4.62256002426147,-7.03540897369385
"background",10,10,-6.79730224609375,-7.27732706069946
"background",11,11,2.62005996704102,3.28758764266968
"background",12,12,4.46343374252319,1.68006777763367
"background",13,13,-2.44291186332703,1.29183757305145
"background",14,14,1.94336521625519,-1.74491775035858
"background",15,15,-6.66994714736938,-3.06292390823364
"background",16,16,-5.52721118927002,-6.64241456985474
"background",17,17,3.57516312599182,-2.68411898612976
"background",18,18,-8.51642513275146,-6.86967372894287
"background",19,19,-7.83627510070801,-4.35190153121948
"background",20,20,-5.0743203163147,2.52371788024902
"background",21,21,-5.14430570602417,0.463397026062012
"background",22,22,-8.28589057922363,-7.17487907409668
"background",23,23,-7.4406418800354,-6.97103404998779
"background",24,24,-1.13124966621399,-0.0873990505933762
"background",25,25,-5.81889867782593,-7.32108497619629
"background",26,26,-7.09820890426636,0.0528289750218391
"background",27,27,-7.75741481781006,-3.44315123558044
"background",28,28,-6.04161739349365,-6.45359230041504
"background",29,29,-8.34643745422363,-7.35980606079102
"background",30,30,-7.27410984039307,-3.96085500717163
"background",31,31,-4.76995038986206,1.95494282245636
"background",32,32,-2.80433416366577,-0.627688646316528
"background",33,33,-0.801784694194794,-0.711323618888855
"background",34,34,-0.911963820457458,-0.499041736125946
"background",35,35,-9.02933788299561,-2.4443154335022
"background",36,36,-7.38688945770264,-7.25645637512207
"background",37,37,0.88112860918045,-1.27631568908691
"background",38,38,-7.28719425201416,0.123321227729321
"background",39,39,-2.59033989906311,-0.214141428470612
"background",40,40,-7.98427963256836,-7.62364387512207
"background",41,41,-8.86579990386963,-6.22643947601318
"background",42,42,-8.32315063476562,-3.52951169013977
"background",43,43,-6.55415868759155,-6.28077697753906
"background",44,44,-6.64720439910889,0.743927240371704
"background",45,45,-9.83271598815918,-1.19342303276062
"background",46,46,-2.15789937973022,-3.93150568008423
"background",47,47,0.844482839107513,-0.556930363178253
"background",48,48,-4.75015020370483,-8.53293228149414
"background",49,49,-2.97167658805847,2.99880576133728
"background",50,50,-7.48972606658936,-0.0163303464651108
