"species","x","y","x1","x2"
"background",1,1,-3.1104257106781,0.388117045164108
"background",2,2,-7.0003080368042,0.606109082698822
"background",3,3,-8.7665843963623,-2.7730565071106
"background",4,4,-5.64084672927856,1.62190651893616
"background",5,5,-2.3856680393219,1.59360682964325
"background",6,6,4.49467039108276,-3.20695996284485
"background",7,7,-9.12031364440918,0.323075413703918
"background",8,8,1.09502458572388,-0.805979669094086
"background",9,9,-0.379802137613297,0.777159512042999
"background",10,10,-9.55849170684814,-5.33896541595459
"background",11,11,-7.63014650344849,-6.26668691635132
"background",12,12,-7.42875289916992,-6.1717848777771
"background",13,13,-10.4878559112549,-4.26113653182983
"background",14,14,-3.59088635444641,0.891221940517426
"background",15,15,-1.09855043888092,1.68152356147766
"background",16,16,-7.50699901580811,-3.24793744087219
"background",17,17,1.14454138278961,-1.09783339500427
"background",18,18,-2.66435432434082,1.05388915538788
"background",19,19,-6.05454683303833,-8.43614673614502
"background",20,20,1.48667979240417,-0.786101937294006
"background",21,21,-8.56054592132568,-5.88124513626099
"background",22,22,0.69487190246582,1.10881721973419
"background",23,23,0.878743708133698,-0.840662240982056
"background",24,24,0.406805843114853,1.24400687217712
"background",25,25,-4.77663278579712,-8.25764846801758
"background",26,26,-4.82492685317993,-9.03091144561768
"background",27,27,-9.35855865478516,-3.04310011863708
"background",28,28,0.810456573963165,-0.438915640115738
"background",29,29,-7.98794460296631,-1.6600284576416
"background",30,30,-4.71072006225586,2.51484203338623
"background",31,31,-8.27792358398438,-3.57445931434631
"background",32,32,-5.49814081192017,-1.13462233543396
"background",33,33,-2.97752118110657,-5.43981695175171
"background",34,34,-0.530673980712891,1.008664727211
"background",35,35,-7.04480409622192,-8.39658832550049
"background",36,36,-6.54104852676392,-5.45869922637939
"background",37,37,-1.82174253463745,1.44925856590271
"background",38,38,-1.62767720222473,1.24090993404388
"background",39,39,-7.94482946395874,-0.573126018047333
"background",40,40,-8.51766681671143,-1.56219637393951
"background",41,41,1.332444190979,-0.293710589408875
"background",42,42,-1.20755958557129,0.163756296038628
"background",43,43,-7.45054054260254,-8.09494781494141
"background",44,44,-9.89752674102783,-2.09073424339294
"background",45,45,-9.23894214630127,-4.9925742149353
"background",46,46,-4.99844312667847,0.172784268856049
"background",47,47,-4.39275741577148,1.65663778781891
"background",48,48,-8.63335990905762,-2.98392367362976
"background",49,49,-8.30367946624756,-4.68802738189697
"background",50,50,-8.20524120330811,-2.96638560295105
