"species","x","y","x1","x2"
"background",1,1,3.02537083625793,-5.26198482513428
"background",2,2,-9.30947017669678,-1.74007248878479
"background",3,3,-4.42168283462524,1.96799147129059
"background",4,4,-8.7019100189209,-3.13036870956421
"background",5,5,-4.08915376663208,0.443528324365616
"background",6,6,-3.68984293937683,1.88617920875549
"background",7,7,-5.07552146911621,-0.410674273967743
"background",8,8,-5.55754899978638,-7.07304000854492
"background",9,9,-5.60221195220947,1.20033884048462
"background",10,10,-6.79730224609375,-7.27732706069946
"background",11,11,-2.0831732749939,1.72486448287964
"background",12,12,-2.44291186332703,1.29183757305145
"background",13,13,1.94336521625519,-1.74491775035858
"background",14,14,-6.66994714736938,-3.06292390823364
"background",15,15,-1.49690103530884,1.29883527755737
"background",16,16,-9.2263765335083,-3.92950940132141
"background",17,17,-8.85368347167969,-2.02157711982727
"background",18,18,-8.51642513275146,-6.86967372894287
"background",19,19,-8.29078674316406,-5.32894468307495
"background",20,20,-5.0743203163147,2.52371788024902
"background",21,21,-8.28589057922363,-7.17487907409668
"background",22,22,-1.13124966621399,-0.0873990505933762
"background",23,23,-10.3034105300903,-4.16136741638184
"background",24,24,-7.09820890426636,0.0528289750218391
"background",25,25,-0.903515934944153,1.35292482376099
"background",26,26,-3.93238806724548,0.161593168973923
"background",27,27,-5.68826723098755,2.42802619934082
"background",28,28,-7.27410984039307,-3.96085500717163
"background",29,29,-4.32722139358521,-8.09792041778564
"background",30,30,-2.65728497505188,0.290261417627335
"background",31,31,-0.801784694194794,-0.711323618888855
"background",32,32,-8.41871356964111,0.00321971112862229
"background",33,33,-0.911963820457458,-0.499041736125946
"background",34,34,-6.23516082763672,-1.55794715881348
"background",35,35,-9.02933788299561,-2.4443154335022
"background",36,36,0.88112860918045,-1.27631568908691
"background",37,37,3.05469870567322,-5.56850433349609
"background",38,38,-7.73165321350098,-5.66861200332642
"background",39,39,-7.28719425201416,0.123321227729321
"background",40,40,-6.49013185501099,-6.67313718795776
"background",41,41,-6.55415868759155,-6.28077697753906
"background",42,42,-7.55059146881104,-1.10283553600311
"background",43,43,-5.91467761993408,1.87081360816956
"background",44,44,-6.29363012313843,-0.429005026817322
"background",45,45,-6.29166507720947,-2.67614769935608
"background",46,46,-6.64720439910889,0.743927240371704
"background",47,47,-7.56475687026978,-1.03431880474091
"background",48,48,-5.57661008834839,0.478267997503281
"background",49,49,-4.75015020370483,-8.53293228149414
"background",50,50,-1.51102387905121,3.19203209877014
