"species","x","y","x1","x2"
"species",1,1,-0.0750579386949539,5.74381589889526
"species",2,2,0.81677520275116,-2.77057433128357
"species",3,3,-0.0945645049214363,-4.66934967041016
"species",4,4,1.62749433517456,4.1118745803833
"species",5,5,2.45528078079224,5.18778610229492
"species",6,6,1.63224411010742,4.38878059387207
"species",7,7,6.49121999740601,3.2931182384491
"species",8,8,3.00753283500671,3.2823338508606
"species",9,9,1.04563963413239,-3.9143214225769
"species",10,10,4.36931180953979,2.25554394721985
